%YAML:1.0
e_vectors: !!opencv-matrix
   rows: 20
   cols: 128
   dt: f
   data: [ -1.81476623e-02, -2.09460929e-02, -2.43173651e-02,
       -3.10967653e-03, -8.68646987e-03, -2.88007297e-02,
       -4.62623946e-02, -4.00657989e-02, 1.60336606e-02, -3.23573314e-02,
       -3.93058956e-02, -2.27781683e-02, -5.00258021e-02,
       -1.62286386e-02, -3.83338472e-03, 3.46259288e-02, -6.69426024e-02,
       -5.73664866e-02, -3.28553021e-02, 9.62651148e-03, 2.21357886e-02,
       1.92963481e-02, -3.14429775e-03, -1.04780905e-02, -2.65378021e-02,
       -2.15549376e-02, -4.34332201e-03, 1.37991300e-02, -4.64568511e-02,
       -4.43663076e-02, -3.28128822e-02, -9.00999829e-03, 1.10637490e-02,
       -4.15707566e-02, -2.96892934e-02, -1.11736227e-02,
       -2.88776755e-02, -4.12811227e-02, -6.14624992e-02,
       -3.68574336e-02, 2.46853441e-01, -1.53005077e-02, -1.43230990e-01,
       -1.85786203e-01, -1.44931227e-01, -9.34081734e-04, 1.36155561e-01,
       2.31422320e-01, -2.10760817e-01, -1.88951746e-01, -1.09152697e-01,
       4.70667630e-02, 2.60143399e-01, 2.33509153e-01, 1.47887871e-01,
       2.58211233e-02, -3.70688401e-02, -3.94041371e-03, 5.87066729e-03,
       1.06361117e-02, -1.67497769e-02, -1.16614588e-02, -2.04035547e-02,
       -7.13555748e-03, 1.12553770e-02, -4.31976058e-02, -6.78838491e-02,
       -3.40928771e-02, -2.55359970e-02, -2.33278275e-02,
       -3.92911136e-02, -1.79440975e-02, 2.40081817e-01, 2.40396231e-01,
       1.53191775e-01, 1.39889792e-02, -1.45975262e-01, -1.98256716e-01,
       -1.48068950e-01, -7.32578430e-03, -2.16270834e-01, 1.70408469e-02,
       1.64898589e-01, 2.55512178e-01, 2.46909037e-01, 1.23172617e-02,
       -1.14110380e-01, -1.78195745e-01, -3.93225476e-02,
       -2.11180653e-02, -2.63596922e-02, -1.98818231e-03,
       -2.40344983e-02, -4.10663383e-03, 1.31155914e-02, 1.13142971e-02,
       -3.00970767e-02, -5.47228456e-02, -3.75535451e-02,
       -1.39152044e-02, -2.22999733e-02, -2.19370518e-02,
       -3.47648598e-02, -1.08339600e-02, 1.71425741e-03, 6.61074370e-03,
       -6.43672096e-03, -1.11725042e-02, -4.50723022e-02,
       -3.34751196e-02, -2.61888113e-02, -1.46388886e-02,
       -6.80586249e-02, -3.13330889e-02, -7.05847563e-03, 2.70905048e-02,
       -7.53104175e-03, -1.93448551e-02, -2.45553628e-02,
       -2.36645769e-02, -1.35579640e-02, -2.58888658e-02,
       -3.57646085e-02, -4.54714522e-02, -5.33396900e-02,
       -1.05095739e-02, -7.38834089e-04, 7.93377031e-03, -6.08988702e-02,
       -1.26110092e-02, -1.83760636e-02, -1.62647606e-03,
       -5.05275391e-02, -4.32743039e-03, 1.68232471e-02, -1.25057511e-02,
       -2.95746326e-01, -1.70373134e-02, 1.61362197e-02, 7.18632946e-03,
       -5.32136448e-02, 5.93300909e-03, 4.99366820e-02, -6.00183047e-02,
       -1.33385122e-01, 1.64351463e-02, 1.42146752e-03, -1.03653863e-01,
       -2.32490242e-01, 2.32556667e-02, 4.25561853e-02, -3.74856927e-02,
       -8.69452395e-03, 7.85577204e-03, -4.53801788e-02, -7.79661983e-02,
       -1.16477631e-01, -7.12106994e-04, 6.61648856e-03, 1.88555736e-02,
       -3.18103805e-02, -1.75629593e-02, -1.36336805e-02,
       -3.15572657e-02, -4.92774136e-02, -4.08371305e-03, 8.32796656e-03,
       1.51945185e-02, -7.66775161e-02, -6.63268268e-02, -3.50876711e-03,
       -2.64084712e-02, -5.38897626e-02, 4.96817008e-02, 1.81737602e-01,
       2.03503281e-01, -1.16339415e-01, -3.88535409e-05, -2.04869770e-02,
       -2.06613868e-01, -1.05262205e-01, 2.82592505e-01, 1.95427924e-01,
       5.06912731e-02, -3.18060326e-03, 1.85743887e-02, -1.57041121e-02,
       -7.96435699e-02, -7.44156986e-02, 4.12246324e-02, 3.34965773e-02,
       5.39654717e-02, 5.46054617e-02, -2.28287205e-02, -3.29873674e-02,
       -4.89226691e-02, 3.36329006e-02, 1.13574648e-02, -1.62659194e-02,
       9.00584925e-03, 9.13294330e-02, -1.66376770e-01, -1.63363725e-01,
       -5.59478514e-02, 4.92270216e-02, 7.56261731e-03, -8.29784479e-03,
       6.84647933e-02, 1.16121978e-01, -4.53934632e-02, -1.82905048e-01,
       -2.63832569e-01, 1.55939564e-01, 1.92284897e-01, 2.33169440e-02,
       1.35050956e-02, 2.88286842e-02, -1.82231050e-02, -3.49847265e-02,
       -4.16092388e-02, 6.97982758e-02, 6.69651255e-02, 5.08597307e-02,
       3.05921640e-02, 5.33409677e-02, -4.27400693e-03, -2.68442798e-02,
       -2.01223791e-02, 4.48801331e-02, 1.13813812e-02, 2.02646162e-02,
       2.65305117e-02, 2.87119359e-01, 3.72595489e-02, -5.85867427e-02,
       -1.32591492e-02, 4.92021441e-02, -1.81462187e-02, -4.67464840e-03,
       4.77969646e-02, 1.45002678e-01, 1.04147336e-02, -5.11881150e-02,
       -6.44075358e-03, 2.45803013e-01, 6.22419566e-02, -1.15799466e-02,
       -1.44962710e-03, 4.59990390e-02, -8.01359303e-03, -2.02342886e-02,
       6.94229174e-03, 1.07945114e-01, 4.33495268e-02, 2.94921771e-02,
       -1.84404175e-03, 1.56843271e-02, -4.06123139e-03, -1.59380818e-03,
       -1.58111732e-02, 7.24587440e-02, -5.37446421e-03, -5.34864813e-02,
       -8.53327736e-02, 2.59081662e-01, 6.89147413e-02, 1.51543561e-02,
       -7.79286725e-03, 3.11348382e-02, -5.57244495e-02, -1.79699391e-01,
       -8.23635235e-02, 1.40761659e-01, 6.78729592e-03, -7.64365133e-04,
       1.04485735e-01, 2.25206688e-01, -1.24759115e-01, -1.75876021e-01,
       -5.53997420e-02, 1.17313445e-01, 2.58489549e-02, 1.57399364e-02,
       3.16807032e-02, 2.63483878e-02, -6.05129451e-02, -5.36175184e-02,
       -2.66829575e-03, -6.60649538e-02, -5.71421348e-02,
       -5.06302565e-02, 1.78184249e-02, 1.04274713e-01, 1.25102727e-02,
       -4.60433289e-02, -1.09227762e-01, 1.14469968e-01, -3.72217819e-02,
       -9.19797644e-02, -1.04702920e-01, -2.07826085e-02,
       -6.49168715e-02, -1.63611025e-01, -8.98761526e-02, 4.46970575e-03,
       -8.35568011e-02, -7.18986169e-02, 5.21519929e-02, 8.85977298e-02,
       -1.07015155e-01, -1.71550274e-01, -6.44839033e-02, 1.74217582e-01,
       4.37743962e-02, -2.09000753e-03, -1.81328394e-02, -7.53500387e-02,
       -9.31275636e-02, -5.04407361e-02, 6.74744472e-02, -7.77428374e-02,
       -9.76526141e-02, -4.99252863e-02, 2.32974794e-02, 8.89611766e-02,
       1.55193880e-02, -1.77933518e-02, -4.71270159e-02, 9.67133716e-02,
       -1.09211221e-01, -1.52325153e-01, -6.22697026e-02,
       -2.37291772e-02, -9.95847806e-02, -8.62149298e-02,
       -3.20210569e-02, 1.80785842e-02, -5.13899513e-02, -1.59089893e-01,
       -1.00172617e-01, 7.31343180e-02, 6.01740554e-02, -7.15533271e-02,
       -8.03776905e-02, 1.88422695e-01, 1.84098743e-02, -4.91928495e-02,
       -1.15076847e-01, -6.39620349e-02, -4.32814704e-03, 4.65989858e-03,
       5.99105097e-02, 3.52655794e-03, -8.19731653e-02, -3.92043181e-02,
       -6.63542515e-03, 6.04873002e-02, 1.19161922e-02, 3.63369621e-02,
       9.13976517e-04, 2.40056872e-01, -9.50570479e-02, -1.61539495e-01,
       -6.54128566e-02, 2.85617635e-02, 3.08320485e-02, 4.80624884e-02,
       1.02147996e-01, 1.26214236e-01, -4.18123640e-02, -1.60302460e-01,
       -1.26101926e-01, 1.98608682e-01, 1.17522664e-01, 2.82974765e-02,
       2.50075273e-02, 1.35317057e-01, 8.54530372e-04, -4.45070937e-02,
       -8.50408450e-02, 2.72418596e-02, 4.02295999e-02, 2.04864256e-02,
       3.76084144e-03, 8.09640586e-02, 1.72013254e-03, 1.85776893e-02,
       3.07471361e-02, 1.02675617e-01, 1.00517273e-03, 3.73300873e-02,
       1.01265110e-01, 2.25200411e-02, -1.82714872e-03, 1.11532081e-02,
       4.52262461e-02, 1.17926270e-01, 3.65775526e-02, 6.33352920e-02,
       1.79939661e-02, -1.37211785e-01, -5.84028289e-02, -2.78652702e-02,
       4.09261435e-02, 2.19299644e-01, 1.15475565e-01, 1.17626339e-02,
       -1.03325896e-01, -1.35986090e-01, -4.55678850e-02,
       -3.16785946e-02, -3.94765474e-02, 1.53383180e-01, 3.37413773e-02,
       -9.05233920e-02, -1.45867959e-01, 4.46289256e-02, 7.14802044e-03,
       5.22889942e-02, 1.00730896e-01, 9.55654085e-02, -1.08579509e-02,
       1.30798165e-02, 7.60492906e-02, -5.11629209e-02, -1.84636265e-02,
       4.90945838e-02, 7.45607689e-02, 8.25046450e-02, 1.34148840e-02,
